163
0 222
13 219
24 211
31 203
41 197
48 187
55 177
64 168
65 154
70 143
72 130
77 121
80 111
86 104
91 98
94 91
104 87
113 81
125 77
136 72
147 69
156 67
170 66
179 65
187 65
192 66
201 67
207 72
219 78
227 81
235 88
240 97
244 101
249 112
254 126
254 136
257 157
256 170
248 184
240 199
233 208
223 222
205 234
179 252
156 266
145 273
124 285
109 294
91 312
73 335
61 360
52 381
49 398
43 421
38 440
38 459
40 482
45 500
51 519
57 526
70 539
80 550
93 560
109 567
130 567
157 570
175 564
194 555
205 545
217 534
224 517
225 504
224 487
219 478
213 471
204 456
198 447
192 438
183 422
182 408
188 389
194 373
210 361
227 351
251 344
272 343
288 343
304 350
312 367
323 381
330 393
334 407
341 429
349 453
355 477
360 498
363 510
369 518
377 521
390 526
409 537
425 541
445 544
460 543
478 544
493 537
510 535
517 528
524 524
532 514
535 498
536 484
537 475
536 466
536 454
532 448
520 437
509 423
502 417
487 406
468 388
451 371
433 354
417 343
408 337
398 328
389 317
384 303
380 291
375 277
374 262
369 241
367 226
367 213
366 198
365 183
363 165
363 149
365 133
373 121
380 109
394 102
405 89
426 78
447 78
468 81
483 88
492 103
500 114
508 133
511 151
514 171
518 188
520 202
525 223
535 241
541 254
545 269
557 286
567 294
575 305
585 311
596 317